223456789123,433456789123,1514855171,11136934
633456789123,533456789123,1514861618,11121382
823456789123,623456789123,1514863761,13935828
333456789123,623456789123,1514864205,8772278
423456789123,623456789123,1514865359,12687909
223456789123,433456789123,1511855171,11136934
633456789123,533456789123,1532861618,11121382
823456789123,623456789123,1531863761,13935828
333456789123,623456789123,1527864205,8772278
423456789123,623456789123,1517865359,12687909
223456789123,433456789123,1516855171,11136934
633456789123,533456789123,1515861618,11121382
823456789123,623456789123,1512863761,13935828
333456789123,623456789123,1511864205,8772278
423456789123,623456789123,1511865359,12687909
223456789123,433456789123,1512855171,11136934
633456789123,533456789123,1525861618,11121382
823456789123,623456789123,1524863761,13935828
333456789123,623456789123,1523864205,8772278
423456789123,623456789123,1522865359,12687909